type=util.flood.FloodScenario
name=Katrina
description=Post Katrina flood in New Orleans
date=29/08/2005
hour=09:00:00
tick=500
realTick=5
NW=[30.0816,-90.149]
SE=[29.8990,-89.8805]
tileSize=50
precision=1
numEnvs=8
randomTerrain=False
DBServer=//localhost
DBPort=3306
DBUser=root
DBPass=adicto
DBDriver=mysql
DBDb=dissim
waterSource=[30.0243,-90.1211,10]
waterSource=[30.0205,-90.0708,10]
waterSource=[30.0085,-90.0695,15]
waterSource=[30.0060,-90.0270,5]
waterSource=[29.9906,-90.02292,10]
waterSource=[29.9786,-90.0214,8]
waterSource=[29.9711,-90.0238,12]
waterSource=[30.0004,-89.9872,13]
waterSource=[29.9888,-89.9014,8]
waterSource=[30.0296,-89.8680,5]
waterSource=[30.0486,-89.8314,15]
waterSource=[29.9545,-89.8587,10]
waterSource=[29.9380,-89.8394,9]
waterSource=[29.90091,-89.7972,10]
person=[30.02392,-90.04970,12,2,5,[29.9968,-90.1363],[29.8942,-90.1195]]
person=[30.02593,-90.03768,12,2,4,[29.9968,-90.1363],[29.8942,-90.1195]]
person=[30.01909,-90.04918,12,2,5,[29.9968,-90.1363],[29.8942,-90.1195]]
person=[30.01656,-90.03777,12,2,5,[29.9968,-90.1363],[29.8942,-90.1195]]
person=[30.01381,-90.04910,12,2,4,[29.9968,-90.1363],[29.8942,-90.1195]]
person=[30.00861,-90.04824,12,1,5,[29.9968,-90.1363],[29.8942,-90.1195]]
person=[30.00921,-90.03682,12,2,5,[29.9968,-90.1363],[29.8942,-90.1195]]
person=[30.03559,-90.00584,12,2,5,[30.0602,-89.9396],[29.8942,-90.1195]]
person=[30.03098,-90.02180,12,3,4,[30.0602,-89.9396],[29.8942,-90.1195]]
person=[30.03061,-90.00249,12,2,4,[30.0602,-89.9396],[29.8942,-90.1195]]
person=[30.02385,-90.01940,12,3,4,[30.0602,-89.9396],[29.8942,-90.1195]]
person=[30.01879,-90.01107,12,1,3,[30.0602,-89.9396],[29.8942,-90.1195]]
person=[30.01590,-90.01691,12,1,4,[30.0602,-89.9396],[29.8942,-90.1195]]
person=[30.01656,-90.00275,12,3,3,[30.0602,-89.9396],[29.8942,-90.1195]]
person=[30.02630,-89.98361,12,1,4,[30.0602,-89.9396],[29.8942,-90.1195]]
person=[30.01887,-89.99262,12,2,3,[30.0602,-89.9396],[29.8942,-90.1195]]
person=[30.01619,-90.11776,12,2,5,[29.9968,-90.1363],[29.8942,-90.1195]]
person=[30.01500,-90.10360,12,3,4,[29.9968,-90.1363],[29.8942,-90.1195]]
person=[30.01136,-90.11055,12,2,4,[29.9968,-90.1363],[29.8942,-90.1195]]
person=[30.00594,-90.11965,12,3,2,[29.9968,-90.1363],[29.8942,-90.1195]]
person=[30.00192,-90.11158,12,2,2,[29.9968,-90.1363],[29.8942,-90.1195]]
person=[29.99783,-90.11965,12,4,6,[29.9968,-90.1363],[29.8942,-90.1195]]
person=[29.99709,-90.10523,12,2,7,[29.9968,-90.1363],[29.8942,-90.1195]]
person=[30.02162,-90.08858,12,2,3,[29.9968,-90.1363],[29.8942,-90.1195]]
person=[30.01634,-90.08025,12,3,3,[29.9968,-90.1363],[29.8942,-90.1195]]
person=[30.01976,-90.06798,12,4,4,[29.9968,-90.1363],[29.8942,-90.1195]]
person=[30.01352,-90.06635,12,2,3,[29.9968,-90.1363],[29.8942,-90.1195]]
person=[30.00906,-90.07905,12,2,3,[29.9968,-90.1363],[29.8942,-90.1195]]
person=[30.00475,-90.06557,12,4,2,[29.9968,-90.1363],[29.8942,-90.1195]]
person=[30.00200,-90.07768,12,2,3,[29.9968,-90.1363],[29.8942,-90.1195]]
person=[30.06820,-89.94678,12,3,4,[30.0602,-89.9396],[29.8942,-90.1195]]
person=[30.06248,-89.95382,12,2,2,[30.0602,-89.9396],[29.8942,-90.1195]]
person=[30.05768,-89.96095,12,3,3,[30.0602,-89.9396],[29.8942,-90.1195]]
person=[30.05409,-89.95477,12,4,4,[30.0602,-89.9396],[29.8942,-90.1195]]
person=[30.05208,-89.97133,12,2,3,[30.0602,-89.9396],[29.8942,-90.1195]]
person=[30.04941,-89.96163,12,1,3,[30.0602,-89.9396],[29.8942,-90.1195]]
person=[30.04852,-89.97700,12,1,5,[30.0602,-89.9396],[29.8942,-90.1195]]
person=[30.04398,-89.92833,12,2,2,[30.0602,-89.9396],[29.8942,-90.1195]]
person=[30.03663,-89.92627,12,1,2,[30.0602,-89.9396],[29.8942,-90.1195]]
person=[30.04049,-89.91348,12,4,1,[30.0602,-89.9396],[29.8942,-90.1195]]
updateTimeKml=1000
updateTimeVisor=500
